dataset = [8.62781,2.64062,3.52525,5.97105,4.24721,6.97390,2.43589,3.49885,0.89746,5.10305,3.48901,5.03192,4.47859,2.59800,6.85694,4.74560,32.735,31.525,32.332,34.534,38.523,34.938,35.972,37.210,37.308,32.046,34.943,36.138,32.140,35.613,36.027,37.168]
yé man
